header: 
  seq: 0
  stamp: 
    secs: 0
    nsecs:         0
  frame_id: ''
height: 1080
width: 1920
distortion_model: plumb_bob
D: [0.103386, -5.679151, 0.004424, -0.006648, 0.000000]
K: [6551.802493, 0.000000, 868.290489, 0.000000, 6160.337337, 349.138492, 0.000000, 0.000000, 1.000000]
R: [1.0, 0.0, 0.0, 0.0, 1.0, 0.0, 0.0, 0.0, 1.0]
P: [6545.181641, 0.000000, 864.811905, 0.000000, 0.000000, 6171.417480, 349.691138, 0.000000, 0.000000, 0.000000, 1.000000, 0.000000]
binning_x: 0
binning_y: 0
roi: 
  x_offset: 0
  y_offset: 0
  height: 0
  width: 0
  do_rectify: False
