header: 
  seq: 0
  stamp: 
    secs: 0
    nsecs:         0
  frame_id: ''
height: 1080
width: 1920
distortion_model: plumb_bob
D: [0.013872, -0.023916, -0.001749, -0.003062, 0.000000]
K: [1324.728888, 0.000000, 955.577497, 0.000000, 1248.871934, 615.946952, 0.000000, 0.000000, 1.000000]
R: [1.0, 0.0, 0.0, 0.0, 1.0, 0.0, 0.0, 0.0, 1.0]
P: [1325.800293, 0.000000, 948.955440, 0.000000, 0.000000, 1255.115112, 614.388556, 0.000000, 0.000000, 0.000000, 1.000000, 0.000000]
binning_x: 0
binning_y: 0
roi: 
  x_offset: 0
  y_offset: 0
  height: 0
  width: 0
  do_rectify: False
