header: 
  seq: 0
  stamp: 
    secs: 0
    nsecs:         0
  frame_id: ''
height: 480
width: 640
distortion_model: plumb_bob
D: [-0.161187, 34.876542, 0.008403, 0.004610, 0.000000]
K: [2946.102447, 0.000000, 313.539789, 0.000000, 2786.304130, 279.420574, 0.000000, 0.000000, 1.000000]
R: [1.0, 0.0, 0.0, 0.0, 1.0, 0.0, 0.0, 0.0, 1.0]
P: [2978.362305, 0.000000, 314.306067, 0.000000, 0.000000, 2817.010986, 279.547151, 0.000000, 0.000000, 0.000000, 1.000000, 0.000000]
binning_x: 0
binning_y: 0
roi: 
  x_offset: 0
  y_offset: 0
  height: 0
  width: 0
  do_rectify: False
