header:
  seq: 0
  stamp:
    secs: 0
    nsecs: 0
  frame_id: ''
width: 640
height: 480
distortion_model: plumb_bob
D: [0.0, 0.0, 0.0, 0.0, 0.0]
K: [514.681697324114, 0.0, 320, 0.0, 514.681647983161, 240, 0.0, 0.0, 1.0]
R: [1.0, 0.0, 0.0, 0.0, 1.0, 0.0, 0.0, 0.0, 1.0]
P: [514.681697324114, 0.0, 320, 0.0, 0.0, 514.681647983161, 240, 0.0, 0.0, 0.0, 1.0, 0.0]
binning_x: 0
binning_y: 0
roi:
  x_offset: 0
  y_offset: 0
  height: 0
  width: 0
  do_rectify: False