header: 
  seq: 0
  stamp: 
    secs: 0
    nsecs:         0
  frame_id: ''
height: 480
width: 640
distortion_model: plumb_bob
D: [-0.009766519354468685, 0.02777321071415083, 0.011950909406057102, -0.002098539623360939, -0.00368926054152489]
K: [504.11577148212365, 0.0, 313.8794892042592, 0.0, 534.9413456369933, 267.8154799869433, 0.0, 0.0, 1.0]
R: [1.0, 0.0, 0.0, 0.0, 1.0, 0.0, 0.0, 0.0, 1.0]
P: [504.11577148212365, 0.0, 313.8794892042592, 0.0, 0.0, 534.9413456369933, 267.8154799869433, 0.0, 0.0, 0.0, 1.0, 0.0]
binning_x: 0
binning_y: 0
roi: 
  x_offset: 0
  y_offset: 0
  height: 0
  width: 0
  do_rectify: False
