header: 
  seq: 0
  stamp: 
    secs: 0
    nsecs: 0
  frame_id: ''
height: 1080
width: 1920
distortion_model: plumb_bob
D: [-0.499792, 0.031364, 0.002706, -0.007564, 0.0]
K: [1953.508132, 0.0, 930.694807, 0.0, 1954.972466, 519.108335, 0.0, 0.0, 1.0]
R: [1.0, 0.0, 0.0, 0.0, 1.0, 0.0, 0.0, 0.0, 1.0]
P: [1604.147461, 0.0, 885.068098, 0.0, 0.0, 1871.732544, 518.111702, 0.0, 0.0, 0.0, 1.0, 0.0]
binning_x: 0
binning_y: 0
roi: 
  x_offset: 0
  y_offset: 0
  height: 0
  width: 0
  do_rectify: False
