header: 
  seq: 0
  stamp: 
    secs: 0
    nsecs: 0
  frame_id: ''
height: 1080
width: 1920
distortion_model: plumb_bob
D: [0.781368, -13.988671, -0.019058, -0.006279, 0.0]
K: [7983.608491, 0.0, 735.22988, 0.0, 7918.54941, 445.411136, 0.0, 0.0, 1.0]
R: [1.0, 0.0, 0.0, 0.0, 1.0, 0.0, 0.0, 0.0, 1.0]
P: [8062.483887, 0.0, 734.329611, 0.0, 0.0, 7988.657715, 440.748438, 0.0, 0.0, 0.0, 1.0, 0.0]
binning_x: 0
binning_y: 0
roi: 
  x_offset: 0
  y_offset: 0
  height: 0
  width: 0
  do_rectify: False
