image_width: 1920
image_height: 1080
camera_name: usb_cam
camera_matrix:
  rows: 3
  cols: 3
  data: [1977.086484, 0.000000, 956.230356, 0.000000, 1968.551149, 413.937320, 0.000000, 0.000000, 1.000000]
distortion_model: plumb_bob
distortion_coefficients:
  rows: 1
  cols: 5
  data: [-0.557969, 0.307918, 0.005736, -0.002311, 0.000000]
rectification_matrix:
  rows: 3
  cols: 3
  data: [1.000000, 0.000000, 0.000000, 0.000000, 1.000000, 0.000000, 0.000000, 0.000000, 1.000000]
projection_matrix:
  rows: 3
  cols: 4
  data: [1681.333130, 0.000000, 948.223198, 0.000000, 0.000000, 1870.113892, 405.083586, 0.000000, 0.000000, 0.000000, 1.000000, 0.000000]
