image_width: 1080
image_height: 1920
camera_name: usb_cam
camera_matrix:
  rows: 3
  cols: 3
  data: [6172.22831929015, 0.0, 960, 0.0, 6172.22858210527, 540, 0.0, 0.0, 1.0]
distortion_model: plumb_bob
distortion_coefficients:
  rows: 1
  cols: 5
  data: [0.0, 0.0, 0.0, 0.0, 0.0]
rectification_matrix:
  rows: 3
  cols: 3
  data: [1.0, 0.0, 0.0, 0.0, 1.0, 0.0, 0.0, 0.0, 1.0]
projection_matrix:
  rows: 3
  cols: 4
  data: [6172.22831929015, 0.0, 960, 0.0, 0.0, 6172.22858210527, 540, 0.0, 0.0, 0.0, 1.0, 0.0]
