image_width: 1920
image_height: 1080
camera_name: usb_cam
camera_matrix:
  rows: 3
  cols: 3
  data: [7983.608491, 0.000000, 735.229880, 0.000000, 7918.549410, 445.411136, 0.000000, 0.000000, 1.000000]
distortion_model: plumb_bob
distortion_coefficients:
  rows: 1
  cols: 5
  data: [0.781368, -13.988671, -0.019058, -0.006279, 0.000000]
rectification_matrix:
  rows: 3
  cols: 3
  data: [1.000000, 0.000000, 0.000000, 0.000000, 1.000000, 0.000000, 0.000000, 0.000000, 1.000000]
projection_matrix:
  rows: 3
  cols: 4
  data: [8062.483887, 0.000000, 734.329611, 0.000000, 0.000000, 7988.657715, 440.748438, 0.000000, 0.000000, 0.000000, 1.000000, 0.000000]
