header: 
  seq: 0
  stamp: 
    secs: 0
    nsecs: 0
  frame_id: ''
height: 1080
width: 1920
distortion_model: plumb_bob
D: [-0.557969, 0.307918, 0.005736, -0.002311, 0.0]
K: [1977.086484, 0.0, 956.230356, 0.0, 1968.551149, 413.93732, 0.0, 0.0, 1.0]
R: [1.0, 0.0, 0.0, 0.0, 1.0, 0.0, 0.0, 0.0, 1.0]
P: [1681.33313, 0.0, 948.223198, 0.0, 0.0, 1870.113892, 405.083586, 0.0, 0.0, 0.0, 1.0, 0.0]
binning_x: 0
binning_y: 0
roi: 
  x_offset: 0
  y_offset: 0
  height: 0
  width: 0
  do_rectify: False
